6.781521253287792206e-03
9.560530073940753937e-03
-1.182290613651275635e-01
-4.786230623722076416e-03
-2.256737276911735535e-02
-3.277623280882835388e-02
-2.347462251782417297e-02
-1.146338507533073425e-02
-2.094197273254394531e-02
2.389241755008697510e-02
-4.713707268238067627e-01
-3.634863793849945068e-01
-2.594043016433715820e-01
1.506059151142835617e-02
-3.148674219846725464e-02
-3.959794342517852783e-02
-2.456428483128547668e-03
-8.610685355961322784e-03
9.206518530845642090e-03
-2.302721887826919556e-01
-7.013660669326782227e-01
-9.815718978643417358e-02
-4.581163171678781509e-03
-6.904388777911663055e-03
-1.020021829754114151e-02
-4.772523418068885803e-02
-9.183671325445175171e-03
3.103388706222176552e-03
-1.920447647571563721e-01
-5.434740334749221802e-03
-1.853273808956146240e-02
-3.735935091972351074e-01
