-2.128523290157318115e-01
-8.099032193422317505e-02
5.967318266630172729e-02
-1.290590316057205200e-01
-1.682651787996292114e-01
-1.621164381504058838e-02
-2.877666652202606201e-01
-3.815324306488037109e-01
6.905087828636169434e-02
-1.206304058432579041e-01
-3.180689215660095215e-01
1.856119185686111450e-01
-2.319923341274261475e-01
-1.726252287626266479e-01
3.357369080185890198e-02
-2.040809988975524902e-01
-9.265925735235214233e-02
-8.584032952785491943e-02
-9.496021270751953125e-02
2.300936169922351837e-02
-2.202297151088714600e-01
-6.356040388345718384e-02
3.691833093762397766e-02
1.671731919050216675e-01
6.162109598517417908e-02
-2.553889155387878418e-01
1.194057390093803406e-01
-7.448784261941909790e-02
1.666259020566940308e-01
-4.622884839773178101e-02
-7.799211144447326660e-02
-6.931052776053547859e-04
